
 -000000000000000000000000000011111111111111111111111111111111111111111111111122222222222222222222222222222222S2222222222222222333333333333333333333333333333333333333333333344444444444444444444444

 2

 00A                                                                                               0000000JKSDFHB

                -0000000R


                zzzzzzzzzzzzzzzzzzzzzzzzzzzzzzzzzzz                                 11 2 3 4 5 6 17 18 9 10                                            587


                            -0000000ZZZZZZ


                            0
                                                                                                                        ABCDEF
                            -0
                                                                                            100
                980


        -00000000000000000000000000000000000000000000000000000000000000000000000000000000000000000000000000000000000000000000000000000000000000000000000000000000000000000000003

















